%YAML:1.0
---
calibration_time: "Thu Apr 15 15:12:16 2021"
image_width: 1920
image_height: 1080
flags: 0
camera_matrix: !!opencv-matrix
   rows: 3
   cols: 3
   dt: d
   data: [ 1.4527535370489668e+03, 0., 1.0115211987826582e+03, 0.,
       1.4287450031203168e+03, 6.6808878346488700e+02, 0., 0., 1. ]
distortion_coefficients: !!opencv-matrix
   rows: 1
   cols: 5
   dt: d
   data: [ 4.1768491936911339e-01, -9.7186672443763533e-01,
       1.4926961721604345e-02, 5.7315081726082198e-02,
       1.6889096711808476e+00 ]
avg_reprojection_error: 1.2546314268890213e+00
