%YAML:1.0
---
calibration_time: "Mon Apr 19 11:10:03 2021"
image_width: 1920
image_height: 1080
flags: 0
camera_matrix: !!opencv-matrix
   rows: 3
   cols: 3
   dt: d
   data: [ 1.7604280002685052e+03, 0., 9.6258539397569245e+02, 0.,
       1.7619731663844689e+03, 6.1045648392084718e+02, 0., 0., 1. ]
distortion_coefficients: !!opencv-matrix
   rows: 1
   cols: 5
   dt: d
   data: [ 4.3959154069611917e-01, -1.8881254432421737e+00,
       1.6711087001152484e-02, 4.9311861070719665e-03,
       6.2034634396095383e+00 ]
avg_reprojection_error: 1.7563793746342686e+00
