%YAML:1.0
---
calibration_time: "Thu Apr 15 23:03:58 2021"
image_width: 1920
image_height: 1080
flags: 0
camera_matrix: !!opencv-matrix
   rows: 3
   cols: 3
   dt: d
   data: [ 9.0714214685943516e+03, 0., 1.6330358502553236e+03, 0.,
       9.1742602213050013e+03, 5.5580198550361808e+02, 0., 0., 1. ]
distortion_coefficients: !!opencv-matrix
   rows: 1
   cols: 5
   dt: d
   data: [ -3.6574284461622715e+00, 3.0164870508990866e+01,
       -8.5436157252988032e-02, 6.0453568040553485e-01,
       -4.6416508121331688e+01 ]
avg_reprojection_error: 1.3739017193646902e+02
