%YAML:1.0
---
calibration_time: "Thu Apr 15 15:10:03 2021"
image_width: 1920
image_height: 1080
flags: 0
camera_matrix: !!opencv-matrix
   rows: 3
   cols: 3
   dt: d
   data: [ 9.2172875370093880e+02, 0., 1.0009641900542326e+03, 0.,
       9.3189768868149963e+02, 4.2996949462088378e+02, 0., 0., 1. ]
distortion_coefficients: !!opencv-matrix
   rows: 1
   cols: 5
   dt: d
   data: [ 8.4280569245258813e-02, 4.3630581549856284e-01,
       -2.3439372019924409e-03, 1.7859945232571030e-02,
       -1.3996982319150579e+00 ]
avg_reprojection_error: 2.1117905300393880e+00
